{
 "cells": [
  {
   "cell_type": "code",
   "execution_count": 1,
   "metadata": {
    "collapsed": true
   },
   "outputs": [],
   "source": [
    "# Naive implementation of t-SNE as per the original paper. TODO - Modify to work with peptide data - Fix nan values\n",
    "import numpy as Math\n",
    "import pylab as Plot\n",
    "from matplotlib import pyplot as plt\n",
    "import PIL.Image\n",
    "import os\n",
    "import numpy as np"
   ]
  },
  {
   "cell_type": "code",
   "execution_count": 127,
   "metadata": {
    "collapsed": true
   },
   "outputs": [],
   "source": [
    "def Hbeta(D = Math.array([]), beta = 1.0):\n",
    "    \"\"\"Compute the perplexity and the P-row for a specific value of the precision of a Gaussian distribution.\"\"\"\n",
    "\n",
    "    # Compute P-row and corresponding perplexity\n",
    "    P = Math.exp(-D.copy() * beta);\n",
    "    sumP = sum(P);\n",
    "    H = Math.log(sumP) + beta * Math.sum(D * P) / sumP;\n",
    "    P = P / sumP;\n",
    "    return H, P;\n",
    "\n",
    "\n",
    "def x2p(X = Math.array([]), tol = 1e-5, perplexity = 30.0):\n",
    "    \"\"\"Performs a binary search to get P-values in such a way that each conditional Gaussian has the same perplexity.\"\"\"\n",
    "\n",
    "    # Initialize some variables\n",
    "    print(\"Computing pairwise distances...\")\n",
    "    (n, d) = X.shape;\n",
    "    sum_X = Math.sum(Math.square(X), 1);\n",
    "    D = Math.add(Math.add(-2 * Math.dot(X, X.T), sum_X).T, sum_X);\n",
    "    P = Math.zeros((n, n));\n",
    "    beta = Math.ones((n, 1));\n",
    "    logU = Math.log(perplexity);\n",
    "\n",
    "    # Loop over all datapoints\n",
    "    for i in range(n):\n",
    "\n",
    "        # Print progress\n",
    "        if i % 500 == 0:\n",
    "            print(\"Computing P-values for point {} of {}\".format(i,n))\n",
    "\n",
    "        # Compute the Gaussian kernel and entropy for the current precision\n",
    "        betamin = -Math.inf;\n",
    "        betamax =  Math.inf;\n",
    "        Di = D[i, Math.concatenate((Math.r_[0:i], Math.r_[i+1:n]))];\n",
    "        (H, thisP) = Hbeta(Di, beta[i]);\n",
    "\n",
    "        # Evaluate whether the perplexity is within tolerance\n",
    "        Hdiff = H - logU;\n",
    "        tries = 0;\n",
    "        while Math.abs(Hdiff) > tol and tries < 50:\n",
    "\n",
    "            # If not, increase or decrease precision\n",
    "            if Hdiff > 0:\n",
    "                betamin = beta[i].copy();\n",
    "                if betamax == Math.inf or betamax == -Math.inf:\n",
    "                    beta[i] = beta[i] * 2;\n",
    "                else:\n",
    "                    beta[i] = (beta[i] + betamax) / 2;\n",
    "            else:\n",
    "                betamax = beta[i].copy();\n",
    "                if betamin == Math.inf or betamin == -Math.inf:\n",
    "                    beta[i] = beta[i] / 2;\n",
    "                else:\n",
    "                    beta[i] = (beta[i] + betamin) / 2;\n",
    "\n",
    "            # Recompute the values\n",
    "            (H, thisP) = Hbeta(Di, beta[i]);\n",
    "            Hdiff = H - logU;\n",
    "            tries = tries + 1;\n",
    "\n",
    "        # Set the final row of P\n",
    "        P[i, Math.concatenate((Math.r_[0:i], Math.r_[i+1:n]))] = thisP;\n",
    "\n",
    "    # Return final P-matrix\n",
    "    print (\"Mean value of sigma: {}\".format(Math.mean(Math.sqrt(1 / beta))))\n",
    "    return P;\n",
    "\n",
    "\n",
    "def pca(X = Math.array([]), no_dims = 50):\n",
    "    \"\"\"Runs PCA on the NxD array X in order to reduce its dimensionality to no_dims dimensions.\"\"\"\n",
    "\n",
    "    (n, d) = X.shape;\n",
    "    X = X - Math.tile(Math.mean(X, 0), (n, 1));\n",
    "    (l, M) = Math.linalg.eig(Math.dot(X.T, X));\n",
    "    Y = Math.dot(X, M[:,0:no_dims]);\n",
    "    return Y;\n",
    "\n",
    "\n",
    "def tsne(X = Math.array([]), no_dims = 2, initial_dims = 50, perplexity = 30.0, max_iter = 100):\n",
    "    \"\"\"Runs t-SNE on the dataset in the NxD array X to reduce its dimensionality to no_dims dimensions.\n",
    "    The syntaxis of the function is Y = tsne.tsne(X, no_dims, perplexity), where X is an NxD NumPy array.\"\"\"\n",
    "\n",
    "    if isinstance(no_dims, float):\n",
    "        print(\"Error: array X should have type float.\")\n",
    "        return -1;\n",
    "    if round(no_dims) != no_dims:\n",
    "        print(\"Error: number of dimensions should be an integer.\")\n",
    "        return -1;\n",
    "\n",
    "    # Initialize variables\n",
    "    X = pca(X, initial_dims).real;\n",
    "    print(\"Shape after PCA - {}\\n{}\".format(X.shape,X))\n",
    "    (n, d) = X.shape;\n",
    "    initial_momentum = 0.5;\n",
    "    final_momentum = 0.8;\n",
    "    eta = 500;\n",
    "    min_gain = 0.01;\n",
    "    Y = Math.random.randn(n, no_dims);\n",
    "    dY = Math.zeros((n, no_dims));\n",
    "    iY = Math.zeros((n, no_dims));\n",
    "    gains = Math.ones((n, no_dims));\n",
    "\n",
    "    # Compute P-values\n",
    "    P = x2p(X, 1e-5, perplexity);\n",
    "    P = P + Math.transpose(P);\n",
    "    P = P / Math.sum(P);\n",
    "    P = P * 4;\n",
    "    P = Math.maximum(P, 1e-12);\n",
    "    \n",
    "    # Run iterations\n",
    "    for iter in range(max_iter):\n",
    "\n",
    "        # Compute pairwise affinities\n",
    "        sum_Y = Math.sum(Math.square(Y), 1);\n",
    "        num = 1 / (1 + Math.add(Math.add(-2 * Math.dot(Y, Y.T), sum_Y).T, sum_Y));\n",
    "        num[range(n), range(n)] = 0;\n",
    "        Q = num / Math.sum(num);\n",
    "        Q = Math.maximum(Q, 1e-12);\n",
    "        print(\"Y = {} \\n sum_Y = {} \\n num = {} \\n Q = {}\".format(Y,sum_Y,num,Q))\n",
    "        # Compute gradient\n",
    "        PQ = P - Q;\n",
    "        print(\"P = {}\\nPQ = {}\".format(P,PQ))\n",
    "        for i in range(n):\n",
    "            dY[i,:] = Math.sum(Math.tile(PQ[:,i] * num[:,i], (no_dims, 1)).T * (Y[i,:] - Y), 0);\n",
    "        print(\"dY = {}\".format(dY))\n",
    "        # Perform the update\n",
    "        if iter < 20:\n",
    "            momentum = initial_momentum\n",
    "        else:\n",
    "            momentum = final_momentum\n",
    "        gains = (gains + 0.2) * ((dY > 0) != (iY > 0)) + (gains * 0.8) * ((dY > 0) == (iY > 0));\n",
    "        gains[gains < min_gain] = min_gain;\n",
    "        iY = momentum * iY - eta * (gains * dY);\n",
    "        Y = Y + iY;\n",
    "        Y = Y - Math.tile(Math.mean(Y, 0), (n, 1));\n",
    "        print(\"momentum = {} \\n gains = {} \\n iY = {} \\n Y = {}\".format(momentum,gains,iY,Y))\n",
    "        # Compute current value of cost function\n",
    "        if (iter + 1) % 10 == 0:\n",
    "            C = Math.sum(P * Math.log(P / Q));\n",
    "            print (\"Iteration : {} Error : {}\".format(iter + 1,C))\n",
    "        if iter == 100:\n",
    "            P = P / 4;\n",
    "\n",
    "    # Return solution\n",
    "    return Y;"
   ]
  },
  {
   "cell_type": "code",
   "execution_count": null,
   "metadata": {
    "collapsed": true
   },
   "outputs": [],
   "source": [
    "# MNIST\n",
    "X = Math.loadtxt(\"mnist2500_X.txt\");\n",
    "labels = Math.loadtxt(\"mnist2500_labels.txt\");\n",
    "Y = tsne(X, 2, 50, 20.0);\n",
    "Plot.scatter(Y[:,0], Y[:,1], 20, labels);\n",
    "Plot.show();"
   ]
  },
  {
   "cell_type": "code",
   "execution_count": 3,
   "metadata": {},
   "outputs": [
    {
     "data": {
      "text/plain": [
       "{'AGAPAPVVCASEGK': 0,\n",
       " 'CTWLIEGQPNR': 1,\n",
       " 'DCSSIPSVPGSCK': 2,\n",
       " 'DINTFVGTPVEK': 3,\n",
       " 'DNYLGGTSTISDNAK': 4,\n",
       " 'EVVEIPDITIGK': 5,\n",
       " 'FDTQYPYGEK': 6,\n",
       " 'FPQLDSTSFANSR': 7,\n",
       " 'GCVPEPGAAVAASK': 8,\n",
       " 'GFVETNIVPDTK': 9,\n",
       " 'GGYTLVSGYPK': 10,\n",
       " 'GIELQWTNPCR': 11,\n",
       " 'GYYQEPTDFK': 12,\n",
       " 'IIDGVPVEITEK': 13,\n",
       " 'LNISFPATGCQK': 14,\n",
       " 'LSEPAELTDAVK': 15,\n",
       " 'NAQCVTLPVTQVSPK': 16,\n",
       " 'NTNFLEQEAVYK': 17,\n",
       " 'RTEGVGPGVPGEVEMVK': 18,\n",
       " 'RVGMVGPGEPEEVVGTK': 19,\n",
       " 'SLVTGYGYGPK': 20,\n",
       " 'SPSTNFLQASDFR': 21,\n",
       " 'TELPVDESALAK': 22,\n",
       " 'TFAQGPINCLSK': 23,\n",
       " 'TGDISYNTSLNADGK': 24,\n",
       " 'VISCGPSCPSDSK': 25,\n",
       " 'VLTQASNPVVCTQPK': 26,\n",
       " 'VYENYPTYDLTER': 27,\n",
       " 'YQEVTNNLEFAK': 28,\n",
       " 'YYTTDPEYLENVR': 29}"
      ]
     },
     "execution_count": 3,
     "metadata": {},
     "output_type": "execute_result"
    }
   ],
   "source": [
    "# Build dictionary of labels\n",
    "# Link to old data where peptide names were absolute\n",
    "image_dir_root_pep = r\"guot__PC4_170203_CPP2_sw\"\n",
    "peptide_dict_enumerated = dict(enumerate(os.listdir(image_dir_root_pep)))\n",
    "peptide_dict_enumerated = {v: k for k, v in peptide_dict_enumerated.items()}\n",
    "peptide_dict_enumerated"
   ]
  },
  {
   "cell_type": "code",
   "execution_count": 89,
   "metadata": {
    "collapsed": true
   },
   "outputs": [],
   "source": [
    "# Load BW Images \n",
    "size = 28,28\n",
    "n_pixels = size[0]*size[1]\n",
    "data_bw = []\n",
    "labels_bw = []\n",
    "# Link to new extracted data\n",
    "image_dir_root = r\"Black_BG_227\"\n",
    "for root, dirs, files in os.walk(image_dir_root):\n",
    "    for file in files:\n",
    "        peptide_name = file.split('_')[0]\n",
    "        raw_image = PIL.Image.open(os.path.join(root, file)).convert('1')\n",
    "        resized_image = raw_image.resize(size, PIL.Image.LANCZOS)\n",
    "        flat_image = list(resized_image.getdata())\n",
    "        data_bw.append(flat_image) \n",
    "        labels_bw.append(peptide_dict_enumerated[peptide_name])\n",
    "        \n",
    "data_bw = np.asarray(data_bw)\n",
    "labels_bw = np.asarray(labels_bw)"
   ]
  },
  {
   "cell_type": "code",
   "execution_count": 96,
   "metadata": {
    "collapsed": true
   },
   "outputs": [],
   "source": [
    "subset_range = range(2500)\n",
    "pixel_range = range(784)\n",
    "data_sub_bw = data_bw[np.ix_(subset_range,pixel_range)]\n",
    "label_sub_bw = labels_bw[np.ix_(subset_range)]"
   ]
  },
  {
   "cell_type": "code",
   "execution_count": 104,
   "metadata": {
    "collapsed": true
   },
   "outputs": [],
   "source": [
    "data_sub_bw[data_sub_bw == 255.0] = 1.0"
   ]
  },
  {
   "cell_type": "code",
   "execution_count": null,
   "metadata": {
    "collapsed": true
   },
   "outputs": [],
   "source": [
    "data_sub_bw = data_sub_bw.astype(np.float64)"
   ]
  },
  {
   "cell_type": "code",
   "execution_count": 95,
   "metadata": {
    "collapsed": true
   },
   "outputs": [],
   "source": [
    "import pickle\n",
    "\n",
    "with open(\"imageBWdata.pickle\", \"wb\") as fp:\n",
    "    pickle.dump(data_bw, fp, protocol=pickle.HIGHEST_PROTOCOL)\n",
    "    \n",
    "with open(\"labelsBWdata.pickle\", \"wb\") as fp:\n",
    "    pickle.dump(labels_bw, fp, protocol=pickle.HIGHEST_PROTOCOL)"
   ]
  },
  {
   "cell_type": "code",
   "execution_count": 130,
   "metadata": {
    "scrolled": true
   },
   "outputs": [
    {
     "name": "stdout",
     "output_type": "stream",
     "text": [
      "Shape after PCA - (2500, 50)\n",
      "[[ 0.61344587 -1.37452188 -1.41781926 ...,  0.42685217 -0.02276617\n",
      "   0.1076424 ]\n",
      " [ 5.00379081 -1.94540396  1.49147124 ..., -0.26249077  0.4134049\n",
      "  -1.15489853]\n",
      " [ 0.31463237  2.11658407  0.36608266 ...,  0.71665401  0.18946283\n",
      "   0.32878802]\n",
      " ..., \n",
      " [-3.52302175 -4.1962009  -0.52129062 ...,  0.24412645 -0.02189273\n",
      "   0.19223197]\n",
      " [ 0.81387035  2.43970416  0.33244717 ...,  0.55367626  0.64632309\n",
      "   0.42547833]\n",
      " [ 2.25717018 -3.67177791  2.83905021 ...,  0.35014766  0.01807652\n",
      "   0.31548087]]\n",
      "Computing pairwise distances...\n",
      "Computing P-values for point 0 of 2500\n",
      "Computing P-values for point 500 of 2500\n",
      "Computing P-values for point 1000 of 2500\n",
      "Computing P-values for point 1500 of 2500\n",
      "Computing P-values for point 2000 of 2500\n",
      "Mean value of sigma: 2.573318715862812\n",
      "Y = [[-1.15773593  0.50113641]\n",
      " [ 0.72699187 -1.12496921]\n",
      " [ 0.39423885 -0.31651254]\n",
      " ..., \n",
      " [-0.10005366  0.92886781]\n",
      " [-1.56734075 -0.99644349]\n",
      " [-1.89798642 -0.53715764]] \n",
      " sum_Y = [ 1.59149018  1.79407289  0.25560446 ...,  0.87280615  3.44945666\n",
      "  3.89089079] \n",
      " num = [[ 0.          0.13895801  0.24526783 ...,  0.43447169  0.29321028\n",
      "   0.38080364]\n",
      " [ 0.13895801  0.          0.56678844 ...,  0.16942689  0.15922347\n",
      "   0.12141767]\n",
      " [ 0.24526783  0.56678844  0.         ...,  0.3577437   0.18832035\n",
      "   0.15865509]\n",
      " ..., \n",
      " [ 0.43447169  0.16942689  0.3577437  ...,  0.          0.1457778\n",
      "   0.15669578]\n",
      " [ 0.29321028  0.15922347  0.18832035 ...,  0.1457778   0.          0.7574208 ]\n",
      " [ 0.38080364  0.12141767  0.15865509 ...,  0.15669578  0.7574208   0.        ]] \n",
      " Q = [[  1.00000000e-12   6.60884466e-08   1.16649407e-07 ...,   2.06634783e-07\n",
      "    1.39450839e-07   1.81110252e-07]\n",
      " [  6.60884466e-08   1.00000000e-12   2.69564642e-07 ...,   8.05794475e-08\n",
      "    7.57267011e-08   5.77462574e-08]\n",
      " [  1.16649407e-07   2.69564642e-07   1.00000000e-12 ...,   1.70142942e-07\n",
      "    8.95651780e-08   7.54563770e-08]\n",
      " ..., \n",
      " [  2.06634783e-07   8.05794475e-08   1.70142942e-07 ...,   1.00000000e-12\n",
      "    6.93319377e-08   7.45245295e-08]\n",
      " [  1.39450839e-07   7.57267011e-08   8.95651780e-08 ...,   6.93319377e-08\n",
      "    1.00000000e-12   3.60229413e-07]\n",
      " [  1.81110252e-07   5.77462574e-08   7.54563770e-08 ...,   7.45245295e-08\n",
      "    3.60229413e-07   1.00000000e-12]]\n",
      "P = [[  1.00000000e-12   2.96283109e-09   3.91945187e-12 ...,   9.51654682e-11\n",
      "    4.91379646e-10   7.00047775e-10]\n",
      " [  2.96283109e-09   1.00000000e-12   1.00000000e-12 ...,   8.44553710e-12\n",
      "    4.20011851e-11   9.71642230e-10]\n",
      " [  3.91945187e-12   1.00000000e-12   1.00000000e-12 ...,   9.67308857e-11\n",
      "    1.33251332e-08   5.02785520e-09]\n",
      " ..., \n",
      " [  9.51654682e-11   8.44553710e-12   9.67308857e-11 ...,   1.00000000e-12\n",
      "    1.45140069e-11   1.64668540e-09]\n",
      " [  4.91379646e-10   4.20011851e-11   1.33251332e-08 ...,   1.45140069e-11\n",
      "    1.00000000e-12   2.68320022e-09]\n",
      " [  7.00047775e-10   9.71642230e-10   5.02785520e-09 ...,   1.64668540e-09\n",
      "    2.68320022e-09   1.00000000e-12]]\n",
      "PQ = [[  0.00000000e+00  -6.31256155e-08  -1.16645488e-07 ...,  -2.06539618e-07\n",
      "   -1.38959459e-07  -1.80410204e-07]\n",
      " [ -6.31256155e-08   0.00000000e+00  -2.69563642e-07 ...,  -8.05710020e-08\n",
      "   -7.56846999e-08  -5.67746152e-08]\n",
      " [ -1.16645488e-07  -2.69563642e-07   0.00000000e+00 ...,  -1.70046211e-07\n",
      "   -7.62400448e-08  -7.04285218e-08]\n",
      " ..., \n",
      " [ -2.06539618e-07  -8.05710020e-08  -1.70046211e-07 ...,   0.00000000e+00\n",
      "   -6.93174237e-08  -7.28778441e-08]\n",
      " [ -1.38959459e-07  -7.56846999e-08  -7.62400448e-08 ...,  -6.93174237e-08\n",
      "    0.00000000e+00  -3.57546213e-07]\n",
      " [ -1.80410204e-07  -5.67746152e-08  -7.04285218e-08 ...,  -7.28778441e-08\n",
      "   -3.57546213e-07   0.00000000e+00]]\n",
      "dY = [[ -2.89972144e-04   2.04074220e-04]\n",
      " [  2.59294279e-04  -3.61584605e-04]\n",
      " [  2.52021968e-05  -2.13749460e-04]\n",
      " ..., \n",
      " [ -1.57312428e-04   3.43290246e-04]\n",
      " [ -4.74726198e-04  -2.02786242e-04]\n",
      " [ -5.40400155e-04  -2.09689376e-04]]\n",
      "momentum = 0.5 \n",
      " gains = [[ 0.8  1.2]\n",
      " [ 1.2  0.8]\n",
      " [ 1.2  0.8]\n",
      " ..., \n",
      " [ 0.8  1.2]\n",
      " [ 0.8  0.8]\n",
      " [ 0.8  0.8]] \n",
      " iY = [[ 0.11598886 -0.12244453]\n",
      " [-0.15557657  0.14463384]\n",
      " [-0.01512132  0.08549978]\n",
      " ..., \n",
      " [ 0.06292497 -0.20597415]\n",
      " [ 0.18989048  0.0811145 ]\n",
      " [ 0.21616006  0.08387575]] \n",
      " Y = [[-1.01457058  0.41773896]\n",
      " [ 0.59859179 -0.94128828]\n",
      " [ 0.40629402 -0.19196568]\n",
      " ..., \n",
      " [-0.0099522   0.76194074]\n",
      " [-1.35027378 -0.87628192]\n",
      " [-1.65464987 -0.41423481]]\n",
      "Y = [[-1.01457058  0.41773896]\n",
      " [ 0.59859179 -0.94128828]\n",
      " [ 0.40629402 -0.19196568]\n",
      " ..., \n",
      " [-0.0099522   0.76194074]\n",
      " [-1.35027378 -0.87628192]\n",
      " [-1.65464987 -0.41423481]] \n",
      " sum_Y = [ 1.2038593   1.24433576  0.20192565 ...,  0.58065274  2.59110929\n",
      "  2.90945668] \n",
      " num = [[ 0.          0.18351156  0.2949334  ...,  0.46998379  0.35878473\n",
      "   0.47576414]\n",
      " [ 0.18351156  0.          0.62560105 ...,  0.23411994  0.20823343\n",
      "   0.1573593 ]\n",
      " [ 0.2949334   0.62560105  0.         ...,  0.4800311   0.2195959\n",
      "   0.18878991]\n",
      " ..., \n",
      " [ 0.46998379  0.23411994  0.4800311  ...,  0.          0.18247391\n",
      "   0.19652468]\n",
      " [ 0.35878473  0.20823343  0.2195959  ...,  0.18247391  0.          0.7656192 ]\n",
      " [ 0.47576414  0.1573593   0.18878991 ...,  0.19652468  0.7656192   0.        ]] \n",
      " Q = [[  1.00000000e-12   7.72293288e-08   1.24120290e-07 ...,   1.97788803e-07\n",
      "    1.50991594e-07   2.00221414e-07]\n",
      " [  7.72293288e-08   1.00000000e-12   2.63279043e-07 ...,   9.85274476e-08\n",
      "    8.76333230e-08   6.62233644e-08]\n",
      " [  1.24120290e-07   2.63279043e-07   1.00000000e-12 ...,   2.02017129e-07\n",
      "    9.24151224e-08   7.94506764e-08]\n",
      " ..., \n",
      " [  1.97788803e-07   9.85274476e-08   2.02017129e-07 ...,   1.00000000e-12\n",
      "    7.67926417e-08   8.27057924e-08]\n",
      " [  1.50991594e-07   8.76333230e-08   9.24151224e-08 ...,   7.67926417e-08\n",
      "    1.00000000e-12   3.22204530e-07]\n",
      " [  2.00221414e-07   6.62233644e-08   7.94506764e-08 ...,   8.27057924e-08\n",
      "    3.22204530e-07   1.00000000e-12]]\n",
      "P = [[  1.00000000e-12   2.96283109e-09   3.91945187e-12 ...,   9.51654682e-11\n",
      "    4.91379646e-10   7.00047775e-10]\n",
      " [  2.96283109e-09   1.00000000e-12   1.00000000e-12 ...,   8.44553710e-12\n",
      "    4.20011851e-11   9.71642230e-10]\n",
      " [  3.91945187e-12   1.00000000e-12   1.00000000e-12 ...,   9.67308857e-11\n",
      "    1.33251332e-08   5.02785520e-09]\n",
      " ..., \n",
      " [  9.51654682e-11   8.44553710e-12   9.67308857e-11 ...,   1.00000000e-12\n",
      "    1.45140069e-11   1.64668540e-09]\n",
      " [  4.91379646e-10   4.20011851e-11   1.33251332e-08 ...,   1.45140069e-11\n",
      "    1.00000000e-12   2.68320022e-09]\n",
      " [  7.00047775e-10   9.71642230e-10   5.02785520e-09 ...,   1.64668540e-09\n",
      "    2.68320022e-09   1.00000000e-12]]\n",
      "PQ = [[  0.00000000e+00  -7.42664977e-08  -1.24116371e-07 ...,  -1.97693637e-07\n",
      "   -1.50500214e-07  -1.99521367e-07]\n",
      " [ -7.42664977e-08   0.00000000e+00  -2.63278043e-07 ...,  -9.85190021e-08\n",
      "   -8.75913218e-08  -6.52517222e-08]\n",
      " [ -1.24116371e-07  -2.63278043e-07   0.00000000e+00 ...,  -2.01920398e-07\n",
      "   -7.90899892e-08  -7.44228211e-08]\n",
      " ..., \n",
      " [ -1.97693637e-07  -9.85190021e-08  -2.01920398e-07 ...,   0.00000000e+00\n",
      "   -7.67781277e-08  -8.10591070e-08]\n",
      " [ -1.50500214e-07  -8.75913218e-08  -7.90899892e-08 ...,  -7.67781277e-08\n",
      "    0.00000000e+00  -3.19521330e-07]\n",
      " [ -1.99521367e-07  -6.52517222e-08  -7.44228211e-08 ...,  -8.10591070e-08\n",
      "   -3.19521330e-07   0.00000000e+00]]\n",
      "dY = [[ -3.18487071e-04   2.00663121e-04]\n",
      " [  2.83796739e-04  -3.84319884e-04]\n",
      " [  2.87491980e-05  -2.10909303e-04]\n",
      " ..., \n",
      " [ -1.71948618e-04   3.51645204e-04]\n",
      " [ -4.83795567e-04  -2.24714099e-04]\n",
      " [ -5.81099500e-04  -2.28817220e-04]]\n",
      "momentum = 0.5 \n",
      " gains = [[ 1.   1.4]\n",
      " [ 1.4  1. ]\n",
      " [ 1.4  1. ]\n",
      " ..., \n",
      " [ 1.   1.4]\n",
      " [ 1.   1. ]\n",
      " [ 1.   1. ]] \n",
      " iY = [[ 0.21723796 -0.20168645]\n",
      " [-0.276446    0.26447686]\n",
      " [-0.0276851   0.14820454]\n",
      " ..., \n",
      " [ 0.11743679 -0.34913872]\n",
      " [ 0.33684302  0.1529143 ]\n",
      " [ 0.39862978  0.15634648]] \n",
      " Y = [[-0.76571673  0.2478257 ]\n",
      " [ 0.35376167 -0.64503823]\n",
      " [ 0.41022481 -0.01198794]\n",
      " ..., \n",
      " [ 0.13910048  0.44457522]\n",
      " [-0.98181488 -0.69159443]\n",
      " [-1.22440421 -0.22611513]]\n",
      "Y = [[-0.76571673  0.2478257 ]\n",
      " [ 0.35376167 -0.64503823]\n",
      " [ 0.41022481 -0.01198794]\n",
      " ..., \n",
      " [ 0.13910048  0.44457522]\n",
      " [-0.98181488 -0.69159443]\n",
      " [-1.22440421 -0.22611513]] \n",
      " sum_Y = [ 0.64773969  0.54122164  0.1684281  ...,  0.21699607  1.4422633\n",
      "  1.55029372] \n",
      " num = [[ 0.          0.32782179  0.40810636 ...,  0.53838567  0.51834727\n",
      "   0.69685726]\n",
      " [ 0.32782179  0.          0.71228077 ...,  0.44776048  0.35894628\n",
      "   0.27276912]\n",
      " [ 0.40810636  0.71228077  0.         ...,  0.78005656  0.29414884\n",
      "   0.26897176]\n",
      " ..., \n",
      " [ 0.53838567  0.44776048  0.78005656 ...,  0.          0.28190195\n",
      "   0.30220879]\n",
      " [ 0.51834727  0.35894628  0.29414884 ...,  0.28190195  0.          0.78399363]\n",
      " [ 0.69685726  0.27276912  0.26897176 ...,  0.30220879  0.78399363  0.        ]] \n",
      " Q = [[  1.00000000e-12   1.11304778e-07   1.38563663e-07 ...,   1.82797178e-07\n",
      "    1.75993574e-07   2.36602770e-07]\n",
      " [  1.11304778e-07   1.00000000e-12   2.41839488e-07 ...,   1.52027360e-07\n",
      "    1.21872425e-07   9.26128399e-08]\n",
      " [  1.38563663e-07   2.41839488e-07   1.00000000e-12 ...,   2.64851288e-07\n",
      "    9.98718590e-08   9.13235265e-08]\n",
      " ..., \n",
      " [  1.82797178e-07   1.52027360e-07   2.64851288e-07 ...,   1.00000000e-12\n",
      "    9.57136929e-08   1.02608441e-07]\n",
      " [  1.75993574e-07   1.21872425e-07   9.98718590e-08 ...,   9.57136929e-08\n",
      "    1.00000000e-12   2.66188036e-07]\n",
      " [  2.36602770e-07   9.26128399e-08   9.13235265e-08 ...,   1.02608441e-07\n",
      "    2.66188036e-07   1.00000000e-12]]\n",
      "P = [[  1.00000000e-12   2.96283109e-09   3.91945187e-12 ...,   9.51654682e-11\n",
      "    4.91379646e-10   7.00047775e-10]\n",
      " [  2.96283109e-09   1.00000000e-12   1.00000000e-12 ...,   8.44553710e-12\n",
      "    4.20011851e-11   9.71642230e-10]\n",
      " [  3.91945187e-12   1.00000000e-12   1.00000000e-12 ...,   9.67308857e-11\n",
      "    1.33251332e-08   5.02785520e-09]\n",
      " ..., \n",
      " [  9.51654682e-11   8.44553710e-12   9.67308857e-11 ...,   1.00000000e-12\n",
      "    1.45140069e-11   1.64668540e-09]\n",
      " [  4.91379646e-10   4.20011851e-11   1.33251332e-08 ...,   1.45140069e-11\n",
      "    1.00000000e-12   2.68320022e-09]\n",
      " [  7.00047775e-10   9.71642230e-10   5.02785520e-09 ...,   1.64668540e-09\n",
      "    2.68320022e-09   1.00000000e-12]]\n",
      "PQ = [[  0.00000000e+00  -1.08341947e-07  -1.38559743e-07 ...,  -1.82702013e-07\n",
      "   -1.75502194e-07  -2.35902722e-07]\n",
      " [ -1.08341947e-07   0.00000000e+00  -2.41838488e-07 ...,  -1.52018915e-07\n",
      "   -1.21830424e-07  -9.16411976e-08]\n",
      " [ -1.38559743e-07  -2.41838488e-07   0.00000000e+00 ...,  -2.64754557e-07\n",
      "   -8.65467258e-08  -8.62956713e-08]\n",
      " ..., \n",
      " [ -1.82702013e-07  -1.52018915e-07  -2.64754557e-07 ...,   0.00000000e+00\n",
      "   -9.56991789e-08  -1.00961756e-07]\n",
      " [ -1.75502194e-07  -1.21830424e-07  -8.65467258e-08 ...,  -9.56991789e-08\n",
      "    0.00000000e+00  -2.63504835e-07]\n",
      " [ -2.35902722e-07  -9.16411976e-08  -8.62956713e-08 ...,  -1.00961756e-07\n",
      "   -2.63504835e-07   0.00000000e+00]]\n"
     ]
    },
    {
     "name": "stdout",
     "output_type": "stream",
     "text": [
      "dY = [[ -3.33312149e-04   1.37670831e-04]\n",
      " [  3.07396052e-04  -4.05507419e-04]\n",
      " [  3.48109831e-05  -1.66401637e-04]\n",
      " ..., \n",
      " [ -1.71324384e-04   3.31750727e-04]\n",
      " [ -4.15437470e-04  -2.06999242e-04]\n",
      " [ -6.30370219e-04  -2.52476082e-04]]\n",
      "momentum = 0.5 \n",
      " gains = [[ 1.2  1.6]\n",
      " [ 1.6  1.2]\n",
      " [ 1.6  1.2]\n",
      " ..., \n",
      " [ 1.2  1.6]\n",
      " [ 1.2  1.2]\n",
      " [ 1.2  1.2]] \n",
      " iY = [[ 0.30860627 -0.21097989]\n",
      " [-0.38413984  0.37554288]\n",
      " [-0.04169134  0.17394325]\n",
      " ..., \n",
      " [ 0.16151303 -0.43996994]\n",
      " [ 0.41768399  0.20065669]\n",
      " [ 0.57753702  0.22965889]] \n",
      " Y = [[-0.42212642  0.0721125 ]\n",
      " [ 0.00460586 -0.23422865]\n",
      " [ 0.40351751  0.19722201]\n",
      " ..., \n",
      " [ 0.33559754  0.03987197]\n",
      " [-0.52914685 -0.45567104]\n",
      " [-0.61188315  0.03881046]]\n",
      "Y = [[-0.42212642  0.0721125 ]\n",
      " [ 0.00460586 -0.23422865]\n",
      " [ 0.40351751  0.19722201]\n",
      " ..., \n",
      " [ 0.33559754  0.03987197]\n",
      " [-0.52914685 -0.45567104]\n",
      " [-0.61188315  0.03881046]] \n",
      " sum_Y = [ 0.18339093  0.05488428  0.2017229  ...,  0.11421549  0.48763248\n",
      "  0.37590724] \n",
      " num = [[ 0.          0.78373263  0.58915705 ...,  0.63484604  0.77518849\n",
      "   0.9642117 ]\n",
      " [ 0.78373263  0.          0.74333958 ...,  0.84410507  0.74966526\n",
      "   0.68746994]\n",
      " [ 0.58915705  0.74333958  0.         ...,  0.97146595  0.43551501\n",
      "   0.48634993]\n",
      " ..., \n",
      " [ 0.63484604  0.84410507  0.97146595 ...,  0.          0.50166912\n",
      "   0.52694791]\n",
      " [ 0.77518849  0.74966526  0.43551501 ...,  0.50166912  0.          0.79913231]\n",
      " [ 0.9642117   0.68746994  0.48634993 ...,  0.52694791  0.79913231  0.        ]] \n",
      " Q = [[  1.00000000e-12   2.06597387e-07   1.55305908e-07 ...,   1.67349845e-07\n",
      "    2.04345093e-07   2.54172930e-07]\n",
      " [  2.06597387e-07   1.00000000e-12   1.95949499e-07 ...,   2.22511984e-07\n",
      "    1.97616993e-07   1.81221871e-07]\n",
      " [  1.55305908e-07   1.95949499e-07   1.00000000e-12 ...,   2.56085202e-07\n",
      "    1.14804794e-07   1.28205234e-07]\n",
      " ..., \n",
      " [  1.67349845e-07   2.22511984e-07   2.56085202e-07 ...,   1.00000000e-12\n",
      "    1.32243480e-07   1.38907144e-07]\n",
      " [  2.04345093e-07   1.97616993e-07   1.14804794e-07 ...,   1.32243480e-07\n",
      "    1.00000000e-12   2.10656850e-07]\n",
      " [  2.54172930e-07   1.81221871e-07   1.28205234e-07 ...,   1.38907144e-07\n",
      "    2.10656850e-07   1.00000000e-12]]\n",
      "P = [[  1.00000000e-12   2.96283109e-09   3.91945187e-12 ...,   9.51654682e-11\n",
      "    4.91379646e-10   7.00047775e-10]\n",
      " [  2.96283109e-09   1.00000000e-12   1.00000000e-12 ...,   8.44553710e-12\n",
      "    4.20011851e-11   9.71642230e-10]\n",
      " [  3.91945187e-12   1.00000000e-12   1.00000000e-12 ...,   9.67308857e-11\n",
      "    1.33251332e-08   5.02785520e-09]\n",
      " ..., \n",
      " [  9.51654682e-11   8.44553710e-12   9.67308857e-11 ...,   1.00000000e-12\n",
      "    1.45140069e-11   1.64668540e-09]\n",
      " [  4.91379646e-10   4.20011851e-11   1.33251332e-08 ...,   1.45140069e-11\n",
      "    1.00000000e-12   2.68320022e-09]\n",
      " [  7.00047775e-10   9.71642230e-10   5.02785520e-09 ...,   1.64668540e-09\n",
      "    2.68320022e-09   1.00000000e-12]]\n",
      "PQ = [[  0.00000000e+00  -2.03634556e-07  -1.55301989e-07 ...,  -1.67254679e-07\n",
      "   -2.03853714e-07  -2.53472883e-07]\n",
      " [ -2.03634556e-07   0.00000000e+00  -1.95948499e-07 ...,  -2.22503539e-07\n",
      "   -1.97574992e-07  -1.80250229e-07]\n",
      " [ -1.55301989e-07  -1.95948499e-07   0.00000000e+00 ...,  -2.55988471e-07\n",
      "   -1.01479661e-07  -1.23177379e-07]\n",
      " ..., \n",
      " [ -1.67254679e-07  -2.22503539e-07  -2.55988471e-07 ...,   0.00000000e+00\n",
      "   -1.32228966e-07  -1.37260459e-07]\n",
      " [ -2.03853714e-07  -1.97574992e-07  -1.01479661e-07 ...,  -1.32228966e-07\n",
      "    0.00000000e+00  -2.07973650e-07]\n",
      " [ -2.53472883e-07  -1.80250229e-07  -1.23177379e-07 ...,  -1.37260459e-07\n",
      "   -2.07973650e-07   0.00000000e+00]]\n",
      "dY = [[ -1.95220286e-04  -3.18663709e-05]\n",
      " [  7.11231153e-05  -2.39789451e-04]\n",
      " [  4.16653735e-05  -1.88043168e-05]\n",
      " ..., \n",
      " [ -4.66085241e-05   1.39448369e-04]\n",
      " [ -2.85778699e-05   8.26031170e-05]\n",
      " [ -3.68850707e-04  -1.43044086e-04]]\n",
      "momentum = 0.5 \n",
      " gains = [[ 1.4   1.28]\n",
      " [ 1.8   1.4 ]\n",
      " [ 1.8   1.4 ]\n",
      " ..., \n",
      " [ 1.4   1.8 ]\n",
      " [ 1.4   0.96]\n",
      " [ 1.4   1.4 ]] \n",
      " iY = [[ 0.29095734 -0.08509547]\n",
      " [-0.25608072  0.35562406]\n",
      " [-0.0583445   0.10013465]\n",
      " ..., \n",
      " [ 0.11338248 -0.3454885 ]\n",
      " [ 0.22884651  0.06067885]\n",
      " [ 0.54696401  0.21496031]] \n",
      " Y = [[-0.10449146  0.01469472]\n",
      " [-0.22479723  0.14907309]\n",
      " [ 0.37185064  0.32503434]\n",
      " ..., \n",
      " [ 0.47565765 -0.27793884]\n",
      " [-0.27362271 -0.3673145 ]\n",
      " [-0.03824151  0.28144845]]\n",
      "Y = [[-0.10449146  0.01469472]\n",
      " [-0.22479723  0.14907309]\n",
      " [ 0.37185064  0.32503434]\n",
      " ..., \n",
      " [ 0.47565765 -0.27793884]\n",
      " [-0.27362271 -0.3673145 ]\n",
      " [-0.03824151  0.28144845]] \n",
      " sum_Y = [ 0.0111344   0.07275658  0.24392022 ...,  0.3035002   0.20978933\n",
      "  0.08067564] \n",
      " num = [[ 0.          0.9684939   0.75573653 ...,  0.70313233  0.85139973\n",
      "   0.9297598 ]\n",
      " [ 0.9684939   0.          0.72100599 ...,  0.59773712  0.78799718\n",
      "   0.95027562]\n",
      " [ 0.75573653  0.72100599  0.         ...,  0.72761534  0.52743096\n",
      "   0.85464585]\n",
      " ..., \n",
      " [ 0.70313233  0.59773712  0.72761534 ...,  0.          0.6371825\n",
      "   0.6341128 ]\n",
      " [ 0.85139973  0.78799718  0.52743096 ...,  0.6371825   0.          0.67737017]\n",
      " [ 0.9297598   0.95027562  0.85464585 ...,  0.6341128   0.67737017  0.        ]] \n",
      " Q = [[  1.00000000e-12   2.12935129e-07   1.66157841e-07 ...,   1.54592170e-07\n",
      "    1.87190556e-07   2.04418967e-07]\n",
      " [  2.12935129e-07   1.00000000e-12   1.58521909e-07 ...,   1.31419755e-07\n",
      "    1.73250736e-07   2.08929619e-07]\n",
      " [  1.66157841e-07   1.58521909e-07   1.00000000e-12 ...,   1.59975056e-07\n",
      "    1.15962092e-07   1.87904254e-07]\n",
      " ..., \n",
      " [  1.54592170e-07   1.31419755e-07   1.59975056e-07 ...,   1.00000000e-12\n",
      "    1.40092300e-07   1.39417388e-07]\n",
      " [  1.87190556e-07   1.73250736e-07   1.15962092e-07 ...,   1.40092300e-07\n",
      "    1.00000000e-12   1.48928045e-07]\n",
      " [  2.04418967e-07   2.08929619e-07   1.87904254e-07 ...,   1.39417388e-07\n",
      "    1.48928045e-07   1.00000000e-12]]\n",
      "P = [[  1.00000000e-12   2.96283109e-09   3.91945187e-12 ...,   9.51654682e-11\n",
      "    4.91379646e-10   7.00047775e-10]\n",
      " [  2.96283109e-09   1.00000000e-12   1.00000000e-12 ...,   8.44553710e-12\n",
      "    4.20011851e-11   9.71642230e-10]\n",
      " [  3.91945187e-12   1.00000000e-12   1.00000000e-12 ...,   9.67308857e-11\n",
      "    1.33251332e-08   5.02785520e-09]\n",
      " ..., \n",
      " [  9.51654682e-11   8.44553710e-12   9.67308857e-11 ...,   1.00000000e-12\n",
      "    1.45140069e-11   1.64668540e-09]\n",
      " [  4.91379646e-10   4.20011851e-11   1.33251332e-08 ...,   1.45140069e-11\n",
      "    1.00000000e-12   2.68320022e-09]\n",
      " [  7.00047775e-10   9.71642230e-10   5.02785520e-09 ...,   1.64668540e-09\n",
      "    2.68320022e-09   1.00000000e-12]]\n",
      "PQ = [[  0.00000000e+00  -2.09972298e-07  -1.66153921e-07 ...,  -1.54497004e-07\n",
      "   -1.86699177e-07  -2.03718920e-07]\n",
      " [ -2.09972298e-07   0.00000000e+00  -1.58520909e-07 ...,  -1.31411309e-07\n",
      "   -1.73208735e-07  -2.07957977e-07]\n",
      " [ -1.66153921e-07  -1.58520909e-07   0.00000000e+00 ...,  -1.59878325e-07\n",
      "   -1.02636959e-07  -1.82876399e-07]\n",
      " ..., \n",
      " [ -1.54497004e-07  -1.31411309e-07  -1.59878325e-07 ...,   0.00000000e+00\n",
      "   -1.40077786e-07  -1.37770703e-07]\n",
      " [ -1.86699177e-07  -1.73208735e-07  -1.02636959e-07 ...,  -1.40077786e-07\n",
      "    0.00000000e+00  -1.46244845e-07]\n",
      " [ -2.03718920e-07  -2.07957977e-07  -1.82876399e-07 ...,  -1.37770703e-07\n",
      "   -1.46244845e-07   0.00000000e+00]]\n",
      "dY = [[  2.06763864e-06  -1.20038540e-04]\n",
      " [ -2.16080529e-04   1.32540508e-04]\n",
      " [  3.93618789e-05   9.01637455e-05]\n",
      " ..., \n",
      " [  1.34053718e-04  -1.23541888e-04]\n",
      " [  2.21936428e-04   2.07083651e-04]\n",
      " [  3.96425323e-04   1.82031110e-04]]\n",
      "momentum = 0.5 \n",
      " gains = [[ 1.12   1.024]\n",
      " [ 1.44   1.12 ]\n",
      " [ 2.     1.12 ]\n",
      " ..., \n",
      " [ 1.12   1.44 ]\n",
      " [ 1.12   0.768]\n",
      " [ 1.12   1.12 ]] \n",
      " iY = [[ 0.14432079  0.018912  ]\n",
      " [ 0.02753762  0.10358934]\n",
      " [-0.06853413 -0.00042437]\n",
      " ..., \n",
      " [-0.01837884 -0.08379409]\n",
      " [-0.00986115 -0.0491807 ]\n",
      " [ 0.05148382  0.00554273]] \n",
      " Y = [[ 0.05060471  0.04396472]\n",
      " [-0.18648424  0.26302043]\n",
      " [ 0.31409188  0.33496797]\n",
      " ..., \n",
      " [ 0.46805419 -0.35137494]\n",
      " [-0.27270848 -0.4061372 ]\n",
      " [ 0.02401769  0.29734918]]\n",
      "Y = [[ 0.05060471  0.04396472]\n",
      " [-0.18648424  0.26302043]\n",
      " [ 0.31409188  0.33496797]\n",
      " ..., \n",
      " [ 0.46805419 -0.35137494]\n",
      " [-0.27270848 -0.4061372 ]\n",
      " [ 0.02401769  0.29734918]] \n",
      " sum_Y = [ 0.00449373  0.10395612  0.21085725 ...,  0.34253907  0.23931734\n",
      "  0.08899338] \n",
      " num = [[ 0.          0.90563585  0.86646975 ...,  0.75156466  0.76503885\n",
      "   0.939046  ]\n",
      " [ 0.90563585  0.          0.79633501 ...,  0.55373984  0.68718767\n",
      "   0.95648974]\n",
      " [ 0.86646975  0.79633501  0.         ...,  0.66899881  0.52810257\n",
      "   0.92118505]\n",
      " ..., \n",
      " [ 0.75156466  0.55373984  0.66899881 ...,  0.          0.64444274\n",
      "   0.61804262]\n",
      " [ 0.76503885  0.68718767  0.52810257 ...,  0.64444274  0.          0.63173608]\n",
      " [ 0.939046    0.95648974  0.92118505 ...,  0.61804262  0.63173608  0.        ]] \n",
      " Q = [[  1.00000000e-12   1.82157438e-07   1.74279662e-07 ...,   1.51167926e-07\n",
      "    1.53878094e-07   1.88877477e-07]\n",
      " [  1.82157438e-07   1.00000000e-12   1.60172929e-07 ...,   1.11377913e-07\n",
      "    1.38219292e-07   1.92386069e-07]\n",
      " [  1.74279662e-07   1.60172929e-07   1.00000000e-12 ...,   1.34560828e-07\n",
      "    1.06221295e-07   1.85284968e-07]\n",
      " ..., \n",
      " [  1.51167926e-07   1.11377913e-07   1.34560828e-07 ...,   1.00000000e-12\n",
      "    1.29621679e-07   1.24311621e-07]\n",
      " [  1.53878094e-07   1.38219292e-07   1.06221295e-07 ...,   1.29621679e-07\n",
      "    1.00000000e-12   1.27065892e-07]\n",
      " [  1.88877477e-07   1.92386069e-07   1.85284968e-07 ...,   1.24311621e-07\n",
      "    1.27065892e-07   1.00000000e-12]]\n",
      "P = [[  1.00000000e-12   2.96283109e-09   3.91945187e-12 ...,   9.51654682e-11\n",
      "    4.91379646e-10   7.00047775e-10]\n",
      " [  2.96283109e-09   1.00000000e-12   1.00000000e-12 ...,   8.44553710e-12\n",
      "    4.20011851e-11   9.71642230e-10]\n",
      " [  3.91945187e-12   1.00000000e-12   1.00000000e-12 ...,   9.67308857e-11\n",
      "    1.33251332e-08   5.02785520e-09]\n",
      " ..., \n",
      " [  9.51654682e-11   8.44553710e-12   9.67308857e-11 ...,   1.00000000e-12\n",
      "    1.45140069e-11   1.64668540e-09]\n",
      " [  4.91379646e-10   4.20011851e-11   1.33251332e-08 ...,   1.45140069e-11\n",
      "    1.00000000e-12   2.68320022e-09]\n",
      " [  7.00047775e-10   9.71642230e-10   5.02785520e-09 ...,   1.64668540e-09\n",
      "    2.68320022e-09   1.00000000e-12]]\n",
      "PQ = [[  0.00000000e+00  -1.79194607e-07  -1.74275743e-07 ...,  -1.51072760e-07\n",
      "   -1.53386714e-07  -1.88177430e-07]\n",
      " [ -1.79194607e-07   0.00000000e+00  -1.60171929e-07 ...,  -1.11369467e-07\n",
      "   -1.38177290e-07  -1.91414427e-07]\n",
      " [ -1.74275743e-07  -1.60171929e-07   0.00000000e+00 ...,  -1.34464097e-07\n",
      "   -9.28961613e-08  -1.80257113e-07]\n",
      " ..., \n",
      " [ -1.51072760e-07  -1.11369467e-07  -1.34464097e-07 ...,   0.00000000e+00\n",
      "   -1.29607165e-07  -1.22664936e-07]\n",
      " [ -1.53386714e-07  -1.38177290e-07  -9.28961613e-08 ...,  -1.29607165e-07\n",
      "    0.00000000e+00  -1.24382692e-07]\n",
      " [ -1.88177430e-07  -1.91414427e-07  -1.80257113e-07 ...,  -1.22664936e-07\n",
      "   -1.24382692e-07   0.00000000e+00]]\n"
     ]
    },
    {
     "name": "stdout",
     "output_type": "stream",
     "text": [
      "dY = [[  9.83285293e-05  -9.99257737e-05]\n",
      " [ -1.44538091e-04   2.30143765e-04]\n",
      " [  4.26842848e-05   1.01966348e-04]\n",
      " ..., \n",
      " [  1.54863568e-04  -2.03000489e-04]\n",
      " [  1.38198791e-04   1.67535452e-04]\n",
      " [  4.75636655e-04   2.06226267e-04]]\n",
      "momentum = 0.5 \n",
      " gains = [[ 0.896  1.224]\n",
      " [ 1.64   0.896]\n",
      " [ 2.2    1.32 ]\n",
      " ..., \n",
      " [ 1.32   1.152]\n",
      " [ 1.32   0.968]\n",
      " [ 0.896  0.896]] \n",
      " iY = [[ 0.02810921  0.07061057]\n",
      " [ 0.13229004 -0.05130973]\n",
      " [-0.08121978 -0.06750998]\n",
      " ..., \n",
      " [-0.11139938  0.07503124]\n",
      " [-0.09614178 -0.10567751]\n",
      " [-0.18734331 -0.089618  ]] \n",
      " Y = [[ 0.07653014  0.11152442]\n",
      " [-0.05637797  0.20865982]\n",
      " [ 0.23068832  0.26440712]\n",
      " ..., \n",
      " [ 0.35447103 -0.27939457]\n",
      " [-0.37103404 -0.51486558]\n",
      " [-0.16550941  0.2046803 ]]\n",
      "Y = [[ 0.07653014  0.11152442]\n",
      " [-0.05637797  0.20865982]\n",
      " [ 0.23068832  0.26440712]\n",
      " ..., \n",
      " [ 0.35447103 -0.27939457]\n",
      " [-0.37103404 -0.51486558]\n",
      " [-0.16550941  0.2046803 ]] \n",
      " sum_Y = [ 0.01829456  0.0467174   0.12312822 ...,  0.20371104  0.40275282\n",
      "  0.06928739] \n",
